> 10x10.dzn
10 10
6
3 3  0 4
4 3  0 7
6 3  4 7
7 3  3 4
4 4  0 0
6 4  4 0
----------
Finished in 781msec
> 11x11.dzn
11 11
7
3 3  0 0
3 4  0 3
5 3  3 0
3 6  8 0
3 5  8 6
5 4  3 3
8 4  0 7
----------
Finished in 976msec
> 12x12.dzn
12 12
8
3 3  0 0
4 3  0 3
5 3  0 6
6 3  0 9
7 3  5 6
8 3  4 3
9 3  3 0
6 3  6 9
----------
Finished in 1s 139msec
> 13x13.dzn
13 13
9
3 3  0 4
4 3  3 4
5 3  0 7
6 3  0 10
7 3  6 10
8 3  5 7
3 4  4 0
4 4  0 0
6 7  7 0
----------
Finished in 19s 424msec
> 14x14.dzn
14 14
9
3 3  0 0
4 3  0 3
5 3  0 6
6 3  5 6
7 3  4 3
8 3  3 0
3 9  11 0
4 5  0 9
10 5  4 9
----------
Finished in 4m 20s
> 8x8.dzn
8 8
4
3 3  0 5
5 3  3 5
3 5  5 0
5 5  0 0
----------
Finished in 675msec
> 9x9.dzn
9 9
5
3 3  0 0
4 3  0 3
5 3  4 3
6 3  3 0
9 3  0 6
----------
Finished in 697msec