> 8x8..dzn
8 8
4
3 3  0 0
3 5  0 3
5 3  3 0
5 5  3 3
----------
Finished in 785msec
> 9x9..dzn
9 9
5
3 3  0 0
3 4  6 0
3 5  6 4
3 6  0 3
3 9  3 0
----------
Finished in 974msec
> 10x10..dzn
10 10
6
3 3  0 0
3 4  3 0
3 6  3 4
3 7  0 3
4 4  6 0
4 6  6 4
----------
Finished in 786msec
> 11x11..dzn
11 11
7
3 3  0 0
3 4  0 7
3 5  8 0
3 6  8 5
5 3  3 0
5 4  3 7
8 4  0 3
----------
Finished in 809msec
> 12x12..dzn
12 12
8
3 3  0 0
3 4  9 8
3 5  6 7
3 6  0 3
3 7  6 0
3 8  9 0
3 9  3 0
6 3  0 9
----------
Finished in 840msec
> 13x13..dzn
13 13
9
3 3  0 0
3 4  0 3
3 5  3 8
3 6  0 7
3 7  6 6
3 8  3 0
4 3  9 10
4 4  9 6
7 6  6 0
----------
Finished in 797msec
> 14x14..dzn
14 14
9
3 3  0 0
3 4  0 10
3 5  11 9
3 6  8 8
3 7  0 3
3 8  8 0
3 9  11 0
5 4  3 10
5 10  3 0
----------
Finished in 810msec
> 15x15..dzn
15 15
10
3 3  0 0
3 4  3 8
3 5  0 10
3 6  9 9
3 7  0 3
3 8  3 0
3 9  9 0
3 12  6 0
3 15  12 0
6 3  3 12
----------
Finished in 817msec
> 16x16..dzn
16 16
10
3 3  0 0
3 4  13 12
3 5  0 11
3 6  10 10
3 7  7 0
3 8  0 3
3 10  10 0
3 12  13 0
4 7  3 0
7 9  3 7
----------
Finished in 793msec
> 16x16..dzn
16 16
10
3 3  0 0
3 4  13 12
3 5  0 11
3 6  10 10
3 7  7 0
3 8  0 3
3 10  10 0
3 12  13 0
4 7  3 0
7 9  3 7
----------
Finished in 805msec
> 17x17..dzn
17 17
12
3 3  0 0
3 4  7 13
3 5  10 9
3 6  7 7
3 7  7 0
3 8  0 3
3 9  10 0
4 3  3 8
4 8  3 0
4 14  13 0
7 3  10 14
7 6  0 11
----------
Finished in 774msec
> 18x18..dzn
=====UNKNOWN=====
Finished in 16m 41s
> 18x18..dzn
Stopped.
=====UNKNOWN=====
Finished in 15m 14s
> 19x19..dzn
19 19
14
3 3  0 0
3 4  7 15
3 5  7 10
3 6  13 13
3 7  0 12
3 8  10 11
3 9  0 3
3 10  7 0
3 11  10 0
3 13  13 0
3 19  16 0
4 5  3 14
4 6  3 8
4 8  3 0
----------
Finished in 576msec
> 20x20..dzn
=====UNKNOWN=====
Finished in 16m 41s
> 20x20..dzn
20 20
14
3 3  8 17
3 4  11 16
3 5  14 15
3 6  11 10
3 7  14 8
3 8  14 0
3 9  17 11
3 10  11 0
3 11  17 0
3 17  8 0
4 3  0 17
4 9  4 11
4 11  4 0
4 17  0 0
----------
Finished in 720msec
> 21x21..dzn
=====UNKNOWN=====
Finished in 16m 41s
> 21x21..dzn
21 21
15
3 3  9 18
3 4  12 17
3 5  15 16
3 6  15 10
3 7  18 14
3 8  12 9
3 9  12 0
3 10  15 0
3 14  18 0
3 18  9 0
4 4  5 17
4 6  5 11
4 11  5 0
5 6  0 15
5 15  0 0
----------
Finished in 560msec
> 22x22..dzn
22 22
16
3 3  0 0
3 4  0 18
3 5  0 13
3 6  7 12
3 7  10 11
3 8  16 14
3 9  19 13
3 10  0 3
3 11  10 0
3 12  7 0
3 13  19 0
3 14  16 0
3 22  13 0
4 3  3 19
4 19  3 0
6 4  7 18
----------
Finished in 581msec
> 23x23..dzn
23 23
19
3 3  0 0
3 4  14 19
3 5  17 18
3 6  17 12
3 7  0 13
3 8  14 11
3 9  20 14
3 10  0 3
3 11  14 0
3 12  17 0
3 14  20 0
3 20  7 0
4 3  0 20
4 4  3 16
4 6  3 10
4 10  3 0
4 11  10 12
4 12  10 0
6 3  4 20
----------
Finished in 1m 22s
> 23x23..dzn
23 23
19
3 3  14 20
3 4  17 19
3 5  20 18
3 6  4 14
3 7  20 11
3 8  7 12
3 9  17 10
3 10  17 0
3 11  20 0
3 12  7 0
3 14  4 0
3 20  14 0
4 3  6 20
4 4  0 16
4 6  0 10
4 10  0 0
4 11  10 12
4 12  10 0
6 3  0 20
----------
Finished in 4m 6s
> 24x24..dzn
24 24
18
3 3  0 0
3 4  18 20
3 5  0 19
3 6  15 18
3 7  0 12
3 8  18 12
3 9  0 3
3 10  12 14
3 12  18 0
3 14  12 0
3 18  15 0
3 24  21 0
4 3  8 21
4 4  8 17
4 5  8 12
4 12  8 0
5 8  3 16
5 16  3 0
----------
Finished in 5s 437msec
> 26x26..dzn
26 26
22
3 3  0 0
3 4  7 22
3 5  0 21
3 6  0 15
3 7  23 19
3 8  7 14
3 9  20 17
3 10  17 16
3 11  14 15
3 12  0 3
3 14  11 0
3 15  14 0
3 16  17 0
3 17  20 0
3 19  23 0
4 3  3 23
4 4  3 19
4 5  10 21
4 7  10 14
4 8  3 11
4 11  3 0
4 14  7 0
----------
Finished in 7m 35s
> 26x26..dzn
26 26
22
3 3  8 23
3 4  11 22
3 5  14 21
3 6  14 15
3 7  17 19
3 8  11 14
3 9  20 17
3 10  23 16
3 11  8 12
3 12  8 0
3 14  11 0
3 15  14 0
3 16  23 0
3 17  20 0
3 19  17 0
4 3  0 23
4 4  0 19
4 5  4 21
4 7  4 14
4 8  0 11
4 11  0 0
4 14  4 0
----------
Finished in 2m 53s
> 27x27..dzn
27 27
21
3 3  0 0
3 4  0 23
3 5  15 22
3 6  24 21
3 7  21 20
3 8  18 19
3 9  0 14
3 10  15 12
3 11  0 3
3 12  15 0
3 19  18 0
3 20  21 0
3 21  24 0
4 3  11 24
4 4  11 20
4 6  3 21
4 7  3 14
4 8  7 19
4 14  3 0
4 19  7 0
4 20  11 0
----------
Finished in 6s 908msec
> 28x28..dzn
28 28
22
3 3  0 0
3 4  16 24
3 5  25 23
3 6  0 22
3 7  22 21
3 8  16 16
3 9  0 13
3 10  0 3
3 11  19 17
3 16  16 0
3 17  19 0
3 21  22 0
3 23  25 0
4 3  8 25
4 4  8 21
4 5  12 23
4 8  8 13
4 13  8 0
4 23  12 0
5 6  3 22
5 9  3 13
5 13  3 0
----------
Finished in 2s 345msec
> 29x29..dzn
29 29
24
3 3  0 0
3 4  20 25
3 5  0 24
3 6  23 23
3 7  20 18
3 8  23 15
3 9  26 20
3 10  0 14
3 11  0 3
3 15  23 0
3 18  20 0
3 20  26 0
4 3  16 26
4 4  12 25
4 5  8 24
4 6  16 20
4 7  12 18
4 9  8 15
4 15  8 0
4 18  12 0
4 20  16 0
5 4  3 25
5 8  3 17
5 17  3 0
----------
Finished in 2m 43s
> 30x30..dzn
30 30
20
3 3  0 0
3 4  27 16
3 5  18 25
3 6  0 3
3 7  24 14
3 8  0 22
3 9  24 21
3 10  27 20
3 11  21 19
3 13  0 9
3 14  24 0
3 16  27 0
3 19  21 0
3 25  18 0
4 3  14 17
4 4  14 26
4 6  14 20
4 8  14 9
4 9  14 0
11 30  3 0
----------
Finished in 579msec
> 31x31..dzn
31 31
19
3 3  0 0
3 4  28 14
3 5  28 26
3 6  25 0
3 7  0 3
3 8  28 18
3 9  22 22
3 10  0 21
3 11  0 10
3 12  25 19
3 13  25 6
3 14  28 0
3 22  22 0
3 31  19 0
4 3  15 13
4 7  15 24
4 8  15 16
4 13  15 0
12 31  3 0
----------
Finished in 583msec
> 32x32..dzn
=====UNKNOWN=====
Finished in 16m 41s
> 32x32..dzn
=====UNKNOWN=====
Finished in 16m 41s
> 33x33..dzn
=====UNKNOWN=====
Finished in 16m 41s
> 33x33..dzn
33 33
23
3 3  15 30
3 4  18 29
3 5  18 24
3 6  21 27
3 7  24 26
3 8  27 25
3 9  24 17
3 10  27 15
3 13  21 14
3 14  21 0
3 15  27 0
3 17  24 0
3 24  18 0
3 30  15 0
3 33  30 0
4 3  7 30
4 4  7 26
4 6  11 27
4 10  11 17
4 12  7 14
4 14  7 0
4 17  11 0
7 33  0 0
----------
Finished in 936msec
> 34x34..dzn
34 34
21
3 3  0 0
3 4  0 3
3 5  22 21
3 6  31 11
3 7  31 27
3 8  22 26
3 9  28 25
3 10  31 17
3 11  31 0
3 12  25 22
3 13  0 21
3 14  0 7
3 21  22 0
3 22  25 0
3 25  28 0
3 34  19 0
4 4  15 0
4 5  15 29
4 11  15 18
4 14  15 4
12 34  3 0
----------
Finished in 583msec
> 35x35..dzn
=====UNKNOWN=====
Finished in 16m 41s
> 35x35..dzn
=====UNKNOWN=====
Finished in 16m 41s
> 36x36..dzn
Stopped.
=====UNKNOWN=====
Finished in 21m 20s
> 36x36..dzn
=====UNKNOWN=====
Finished in 16m 41s
> 37x37..dzn
=====UNKNOWN=====
Finished in 16m 41s
> 37x37..dzn
=====UNKNOWN=====
Finished in 16m 41s
> 38x38..dzn
38 38
19
3 3  0 0
3 4  0 23
3 5  0 33
3 6  0 27
3 7  0 16
3 8  35 11
3 9  35 29
3 10  35 19
3 11  35 0
3 13  0 3
4 3  27 24
4 5  27 33
4 6  27 27
4 8  27 16
4 11  31 0
4 12  31 26
4 15  31 11
4 16  27 0
24 38  3 0
----------
Finished in 570msec
> 39x39..dzn
=====UNKNOWN=====
Finished in 16m 41s
> 39x39..dzn
=====UNKNOWN=====
Finished in 16m 41s
> 40x40..dzn
40 40
20
3 3  0 0
3 4  37 16
3 5  0 22
3 6  0 34
3 7  0 27
3 8  37 32
3 9  0 13
3 10  0 3
3 12  37 20
3 16  37 0
3 40  30 0
4 4  33 0
4 14  33 4
4 22  33 18
5 3  25 13
5 4  25 36
5 8  25 28
5 12  25 16
5 13  25 0
22 40  3 0
----------
Finished in 680msec